1929	6.3
1930	7.8
1933	7.1
1934	8.2
1935	7.8
1936	7.8500004
1937	7.7
1938	7.5
1939	8.166667
1940	7.6499996
1941	7.8
1942	8.6
1943	7.0
1944	6.5
1945	7.5
1946	7.75
1947	7.1
1948	7.8
1949	7.3
1950	7.0
1951	7.4
1952	7.700001
1953	7.2333336
1954	7.3333335
1955	7.2
1956	6.8000007
1957	8.549999
1958	8.1
1959	6.8999996
1960	8.2
1961	7.7200003
1962	7.914285
1963	7.4285707
1964	7.7875004
1965	7.28
1966	7.3333335
1967	7.433333
1968	7.5625
1969	7.3000007
1970	7.0750003
1971	7.0499997
1972	7.5249996
1973	7.3125005
1974	7.5499997
1975	7.8599997
1976	7.4750004
1977	6.8666663
1978	6.741667
1979	6.678572
1980	7.1045456
1981	6.4724126
1982	6.855555
1983	6.7894735
1984	6.77037
1985	6.6333337
1986	6.413044
1987	6.4399996
1988	6.5740747
1989	6.878571
1990	6.8346157
1991	6.6357145
1992	6.9062495
1993	6.8162785
1994	6.6448975
1995	6.5666676
1996	6.4182787
1997	6.501042
1998	6.4810815
1999	6.400675
2000	6.2503257
2001	6.2854543
2002	6.3224597
2003	6.2307687
2004	6.436627
2005	6.4087706
2006	6.4204173
2007	6.5113935
2008	6.342392
2009	6.370557
2010	6.2898307
2011	6.3715925
2012	6.4476457
2013	6.521387
2014	6.3054338
2015	6.3052616
2016	6.469513
